parity 297;
0 6 0 33,34,35,36,37,38,39,40;
1 6 0 41,42,43,44,45,46,47,48;
2 6 0 49,50,51,52,53,54,55,56;
3 6 0 57,58,59,60,61,62,63,64;
4 6 0 65,66,67,68,69,70,71,72;
5 4 0 73,74,75,76,77,78,79,80;
6 6 0 81,82,83,84,85,86,87,88;
7 6 0 89,90,91,92,93,94,95,96;
8 5 0 97,98,99,100,101,102,103,104;
9 5 0 105,106,107,108,109,110,111,112;
10 5 0 113,114,115,116,117,118,119,120;
11 4 0 121,122,123,124,125,126,127,128;
12 6 0 129,130,131,132,133,134,135,136;
13 6 0 137,138,139,140,141,142,143,144;
14 6 0 145,146,147,148,149,150,151,152;
15 5 0 153,154,155,156,157,158,159,160;
16 5 0 161,162,163,164,165,166,167,168;
17 5 0 169,170,171,172,173,174,175,176;
18 5 0 177,178,179,180,181,182,183,184;
19 5 0 185,186,187,188,189,190,191,192;
20 5 0 193,194,195,196,197,198,199,200;
21 6 0 201,202,203,204,205,206,207,208;
22 4 0 209,210,211,212,213,214,215,216;
23 6 0 217,218,219,220,221,222,223,224;
24 5 0 225,226,227,228,229,230,231,232;
25 5 0 233,234,235,236,237,238,239,240;
26 5 0 241,242,243,244,245,246,247,248;
27 5 0 249,250,251,252,253,254,255,256;
28 5 0 257,258,259,260,261,262,263,264;
29 5 0 265,266,267,268,269,270,271,272;
30 6 0 273,274,275,276,277,278,279,280;
31 4 0 281,282,283,284,285,286,287,288;
32 6 0 289,290,291,292,293,294,295,296;
33 6 1 1,3;
34 6 1 1,2;
35 6 1 1,3;
36 6 1 1,2;
37 6 1 1,2;
38 6 1 1,3;
39 6 1 1,2;
40 6 1 1,3;
41 6 1 4,4;
42 6 1 4,4;
43 6 1 4,4;
44 6 1 4,4;
45 6 1 4,4;
46 6 1 4,4;
47 6 1 4,4;
48 6 1 4,4;
49 6 1 1,5;
50 6 1 1,5;
51 6 1 6,6;
52 6 1 1,1;
53 6 1 1,5;
54 6 1 1,5;
55 6 1 1,1;
56 6 1 6,6;
57 6 1 1,5;
58 6 1 1,5;
59 6 1 6,6;
60 6 1 1,1;
61 6 1 1,5;
62 6 1 1,5;
63 6 1 1,1;
64 6 1 6,6;
65 6 1 7,7;
66 6 1 7,7;
67 6 1 7,7;
68 6 1 7,7;
69 6 1 7,7;
70 6 1 7,7;
71 6 1 7,7;
72 6 1 7,7;
73 4 1 8,9;
74 4 1 8,9;
75 4 1 10,10;
76 4 1 9,9;
77 4 1 8,9;
78 4 1 8,9;
79 4 1 9,9;
80 4 1 10,10;
81 6 1 11,12;
82 6 1 11,12;
83 6 1 13,13;
84 6 1 12,12;
85 6 1 11,12;
86 6 1 11,12;
87 6 1 12,12;
88 6 1 13,13;
89 6 1 14,14;
90 6 1 14,14;
91 6 1 14,14;
92 6 1 14,14;
93 6 1 14,14;
94 6 1 14,14;
95 6 1 14,14;
96 6 1 14,14;
97 5 1 15,16;
98 5 1 15,16;
99 5 1 17,17;
100 5 1 16,16;
101 5 1 15,16;
102 5 1 15,16;
103 5 1 16,16;
104 5 1 17,17;
105 5 1 16,16;
106 5 1 16,16;
107 5 1 16,16;
108 5 1 16,16;
109 5 1 16,16;
110 5 1 16,16;
111 5 1 16,16;
112 5 1 16,16;
113 5 1 18,19;
114 5 1 18,19;
115 5 1 20,20;
116 5 1 19,19;
117 5 1 18,19;
118 5 1 18,19;
119 5 1 19,19;
120 5 1 20,20;
121 4 1 18,19;
122 4 1 18,19;
123 4 1 20,20;
124 4 1 19,19;
125 4 1 18,19;
126 4 1 18,19;
127 4 1 19,19;
128 4 1 20,20;
129 6 1 21,21;
130 6 1 21,21;
131 6 1 21,21;
132 6 1 21,21;
133 6 1 21,21;
134 6 1 21,21;
135 6 1 21,21;
136 6 1 21,21;
137 6 1 21,22;
138 6 1 21,22;
139 6 1 23,23;
140 6 1 21,21;
141 6 1 21,22;
142 6 1 21,22;
143 6 1 21,21;
144 6 1 23,23;
145 6 1 14,14;
146 6 1 14,14;
147 6 1 14,14;
148 6 1 14,14;
149 6 1 14,14;
150 6 1 14,14;
151 6 1 14,14;
152 6 1 14,14;
153 5 1 24,25;
154 5 1 24,25;
155 5 1 26,26;
156 5 1 25,25;
157 5 1 24,25;
158 5 1 24,25;
159 5 1 25,25;
160 5 1 26,26;
161 5 1 25,25;
162 5 1 25,25;
163 5 1 25,25;
164 5 1 25,25;
165 5 1 25,25;
166 5 1 25,25;
167 5 1 25,25;
168 5 1 25,25;
169 5 1 27,28;
170 5 1 27,28;
171 5 1 29,29;
172 5 1 28,28;
173 5 1 27,28;
174 5 1 27,28;
175 5 1 28,28;
176 5 1 29,29;
177 5 1 27,28;
178 5 1 27,28;
179 5 1 29,29;
180 5 1 28,28;
181 5 1 27,28;
182 5 1 27,28;
183 5 1 28,28;
184 5 1 29,29;
185 5 1 28,28;
186 5 1 28,28;
187 5 1 28,28;
188 5 1 28,28;
189 5 1 28,28;
190 5 1 28,28;
191 5 1 28,28;
192 5 1 28,28;
193 5 1 27,28;
194 5 1 27,28;
195 5 1 29,29;
196 5 1 28,28;
197 5 1 27,28;
198 5 1 27,28;
199 5 1 28,28;
200 5 1 29,29;
201 6 1 30,30;
202 6 1 30,30;
203 6 1 30,30;
204 6 1 30,30;
205 6 1 30,30;
206 6 1 30,30;
207 6 1 30,30;
208 6 1 30,30;
209 4 1 27,28;
210 4 1 27,28;
211 4 1 29,29;
212 4 1 28,28;
213 4 1 27,28;
214 4 1 27,28;
215 4 1 28,28;
216 4 1 29,29;
217 6 1 30,31;
218 6 1 30,31;
219 6 1 32,32;
220 6 1 30,30;
221 6 1 30,31;
222 6 1 30,31;
223 6 1 30,30;
224 6 1 32,32;
225 5 1 24,24;
226 5 1 24,24;
227 5 1 24,24;
228 5 1 24,24;
229 5 1 24,24;
230 5 1 24,24;
231 5 1 24,24;
232 5 1 24,24;
233 5 1 25,25;
234 5 1 25,25;
235 5 1 25,25;
236 5 1 25,25;
237 5 1 25,25;
238 5 1 25,25;
239 5 1 25,25;
240 5 1 25,25;
241 5 1 29,29;
242 5 1 29,29;
243 5 1 29,29;
244 5 1 29,29;
245 5 1 29,29;
246 5 1 29,29;
247 5 1 29,29;
248 5 1 29,29;
249 5 1 27,27;
250 5 1 27,27;
251 5 1 27,27;
252 5 1 27,27;
253 5 1 27,27;
254 5 1 27,27;
255 5 1 27,27;
256 5 1 27,27;
257 5 1 28,28;
258 5 1 28,28;
259 5 1 28,28;
260 5 1 28,28;
261 5 1 28,28;
262 5 1 28,28;
263 5 1 28,28;
264 5 1 28,28;
265 5 1 29,29;
266 5 1 29,29;
267 5 1 29,29;
268 5 1 29,29;
269 5 1 29,29;
270 5 1 29,29;
271 5 1 29,29;
272 5 1 29,29;
273 6 1 30,30;
274 6 1 30,30;
275 6 1 30,30;
276 6 1 30,30;
277 6 1 30,30;
278 6 1 30,30;
279 6 1 30,30;
280 6 1 30,30;
281 4 1 27,27;
282 4 1 27,27;
283 4 1 27,27;
284 4 1 27,27;
285 4 1 27,27;
286 4 1 27,27;
287 4 1 27,27;
288 4 1 27,27;
289 6 1 32,32;
290 6 1 32,32;
291 6 1 32,32;
292 6 1 32,32;
293 6 1 32,32;
294 6 1 32,32;
295 6 1 32,32;
296 6 1 32,32;